init_calibration : [0.9271063804626465, -2.3606211147704066, -1.5697946548461914, 0.3208543497272949, 1.4645485877990723, 0.022516727447509766]
out_of_camera : [1.0252022743225098, -1.4222191137126465, -1.8837804794311523, -0.7232721608928223, 1.5405898094177246, 0.1169900894165039]
place : [2.120194911956787, -1.0603597921184083, -2.695002555847168, -0.9031246465495606, 1.6232800483703613, 1.4023256301879883]
back_delivery : [1.9137749671936035, -1.6701890430846156, -1.6786613464355469, -1.3784178060344239, 1.5847907066345215, -0.44126826921571904]
desk_pick : [0.4341154098510742, -0.9850390714458008, -2.329390525817871, -1.4000423711589356, 1.5430750846862793, 1.2288708686828613]